# Fix print output for fix def
2.76432755473433e-16 0.0929727461162341 0.0934115857562591 -0.17980641148973
0.00250000000000029 0.178229170645944 0.0641392438083356 -0.00264153972073746
0.00500000000000031 0.213177293200217 -0.00844864971771236 0.0448487944837685
0.00750000000000033 0.242340027128397 -0.0207450408461557 -0.000960762620911667
0.0100000000000003 0.305945336485221 0.0181587843768846 -0.00696249745608677
0.0125000000000004 0.371540846266136 0.0103780758228001 0.000513894872322587
0.0150000000000004 0.426717517880168 -0.0067310005144188 0.00325622813410787
0.0175000000000004 0.472804358515613 0.00693129668842944 0.00955472338659575
0.0200000000000003 0.510792859025412 0.00567002375806382 -0.00619309970800932
0.0225000000000003 0.564261725813985 -0.0053114315973572 -0.00382337889866467
0.0250000000000002 0.631958076220102 -0.00110893608805162 0.0133550597158396
0.0275000000000002 0.686747834746752 0.00472794481894894 0.00153453263719325
0.0300000000000002 0.728651704941159 0.0125965601329399 -0.00962729027858835
0.0325000000000002 0.771486170650023 0.000263419002365995 0.0026183190846656
0.0350000000000002 0.824770040326422 -0.013477777908684 0.00942807567359345
0.0375000000000003 0.885933716273826 0.00114368887963226 0.000579839089157971
0.0400000000000003 0.940556448472892 0.0171200020888068 -0.00311882500652017
0.0425000000000003 0.982277648535362 0.00126277193120069 -0.00378586769003946
0.0450000000000003 1.02695669002991 -0.00529033957165114 0.00670019219100736
0.0475000000000003 1.08079569581136 -0.00298176958391474 0.00492095898069522
0.0500000000000003 1.13583593230792 0.00341665639727988 -0.00321404692135365
0.0525000000000004 1.18892056014346 0.00487383920174188 -0.0016187759981104
0.0550000000000004 1.23757365457992 0.00500770382745736 0.00178065591788146
0.0575000000000003 1.28256227894873 -0.00474029781324237 0.00263081177270939
0.0600000000000003 1.33230061032789 -0.00332668655209675 0.00128457217584421
0.0625000000000003 1.38807010408482 0.00478878051082851 -0.000302673033953091
0.0650000000000002 1.44183334552804 0.00378193193487307 -0.000286994939681598
0.0675000000000002 1.48841877927537 0.000498352354146498 0.00112834146917475
0.0700000000000002 1.53402243667089 9.49301345091812e-05 0.000910388619600732
0.0725000000000002 1.58583804171852 -0.00233424848655988 -0.00077657078621741
0.0750000000000002 1.63847316911649 -9.22769718951937e-05 0.00116779679000186
0.0775000000000003 1.69242993672011 0.00380484477732333 0.000888326957087111
0.0800000000000003 1.73750113080372 0.0040115807343012 -0.000684082286547729
0.0825000000000003 1.78638334718176 -0.0028135150171245 -0.00473649814140719
0.0850000000000003 1.83563603435827 6.81419455526325e-05 0.00637218336289098
0.0875000000000003 1.88760865890903 -0.0012664585910175 -0.00102392291161878
0.0900000000000004 1.93684292580325 0.00394390572015366 -0.00304383577837097
0.0925000000000004 1.98504960621372 0.00347314291797791 0.000683171420872064
0.0950000000000004 2.02965130806573 -0.00503087109095075 0.000971619302566243
0.0975000000000003 2.08077941884703 -0.00167756891069059 0.000261744795365718
0.1 2.13075909099579 0.00534157764940994 0.0023516194070108
0.1025 2.1778191875175 -5.95435604358572e-05 -0.00395719054779426
0.105 2.22120432588131 0.00301521131243289 0.00229790252531235
0.1075 2.26867818083582 -0.00438619112500464 -0.000724304717755926
0.11 2.31378550370804 -0.000477105145071932 0.00139667535989013
0.1125 2.36386504376444 0.00381489573126722 -0.00162310757516376
0.115 2.40389979225121 0.000837516454926922 -0.000868415168844583
0.1175 2.45024896324602 -0.000535188839609511 0.00095560962304279
0.12 2.49354654009726 0.00325349245091337 0.00279613092793371
0.1225 2.53822829072239 -0.00258854102748127 -0.00156073888646748
0.125 2.57792031818864 -0.00215349142065722 0.00102361566081975
0.1275 2.62007847238933 0.00473831012497753 -0.00116547985230968
0.13 2.6614867026445 0.00477750721253957 -0.00223908990596103
0.1325 2.70202413909953 -0.00535861484283024 -0.00226850370763369
0.135 2.74214463134732 -0.00211185763711217 0.00660873698486791
0.1375 2.78053581773781 -0.000317697062484584 -0.00296896053800015
0.14 2.81881264834 0.00258437321536146 -0.00523384356383709
0.1425 2.85866005976349 0.00249423404319098 0.00277910439631308
0.145 2.89660477216249 0.000485789919164517 0.00233087633310115
0.1475 2.93573275128263 -0.00307835082960839 -0.00524133137795032
0.15 2.97246764185862 0.00169935587255807 0.00425444869571165
0.1525 3.00483261523816 0.000968056354693295 0.00227774013063802
0.155 3.03902498293455 -0.000609854098980094 -0.0035966222244641
0.1575 3.07405601647099 0.0048979050006108 -0.000987192329908081
0.16 3.10852183532066 -0.002390287989607 0.00416071996499394
0.1625 3.14362877828829 -0.00609200378505882 -0.00411809898219129
0.165 3.16937552035944 0.00624756417208963 0.000925918295110458
0.1675 3.19504242445014 0.000966415217987623 -0.000820580911764659
0.17 3.22239733959782 -0.00130866644298782 -0.000177899634758429
0.1725 3.24985949105092 0.00175370518888691 0.00259717644083564
0.175 3.27415771486775 -0.00200153944985591 -0.00136323346209321
0.1775 3.29533887143568 -0.00362723821960269 0.00188179001380598
0.18 3.31372678063235 0.00209107796863043 0.00270883645371105
0.1825 3.32851857302146 0.00201337676788328 -0.00170732806442154
0.185 3.33988661490077 0.00209471702320019 -0.00223014563464348
0.1875 3.35467366880317 -0.000185243208274709 0.00221365485443585
0.19 3.36650068598183 -0.00205042490428697 -0.000365440043504817
0.1925 3.37596052661596 -0.00256271158079229 -0.000179739213921334
0.195 3.37828929833257 -0.000296390572464584 0.00145295486713591
0.1975 3.37884539234913 0.0036226331431447 0.00121149784214409
0.2 3.37810956294749 0.000192452265797775 0.000179017213198485
0.2025 3.37330070200856 -0.000525870718125726 0.00126954795462282
0.205 3.36082302686249 0.00218973555817644 0.00148283919422977
0.2075 3.34205201767917 -0.00430008139161334 0.00106764222367071
0.21 3.31962850785883 0.00196474831471581 0.00230229771924428
0.2125 3.2876624962962 0.00432686118386182 0.00338703925907642
0.215 3.24667304888408 0.000194871732194369 0.000289068732515688
0.2175 3.19333734945846 -0.00642746509660948 0.00480682345625942
0.22 3.12795562843918 0.0052250661879593 0.00266196368579349
0.2225 3.04581371734858 0.00644586532986574 -0.00287836954991051
0.225 2.94341601609497 -0.00820839918380379 0.00403321110363751
0.2275 2.82222803024675 0.0061457671449758 0.00861216483034677
0.23 2.67980216725118 0.00464849562623335 -0.000935997142832451
0.2325 2.51802777736365 0.000206937840097898 -0.00211019528849674
0.235 2.34540609883685 0.00212391014584248 0.00857932586975743
0.2375 2.16254390030632 -8.29530926234882e-05 0.000228010048876269
0.24 1.98219224696922 0.00698339900662891 -0.00479925905486337
0.2425 1.79566027678356 0.00511373789132518 0.00292441852717038
0.245 1.61283985316734 -4.94984216865989e-05 -0.00499664956131193
0.2475 1.44297362676447 0.00168116023427256 -0.00506557096401186
0.25 1.29615945750811 -0.00177102355118218 -0.00280737363048998
0.2525 1.18325099320805 0.00868501161293412 0.0118182981941524
0.255 1.0719537083122 -0.00271292349712536 -0.00661743599137554
0.2575 0.982025473077136 0.00476627763486826 -0.00789873207494665
0.26 0.911958188483709 0.0137287702950102 0.00732685902609693
0.2625 0.857710281028964 -0.00656107793605751 -0.0105506502578856
0.265 0.817284132000705 0.00177779246304175 0.00536951686658304
0.2675 0.769739507725824 0.00629852556619027 0.000464151554734565
0.27 0.738262421900859 0.0124994889025529 -0.00924393130518937
0.2725 0.717300855034366 -0.0126288863088038 -0.0042620044221689
0.275 0.703812807194223 0.0019197363268731 0.00917378523585791
0.2775 0.690402028062355 0.00394071370557313 0.00236202443754261
0.28 0.671422195774967 0.00352509337986587 -0.00572799039090868
0.2825 0.666615428979525 -0.00215788974406964 -0.00307138814068123
0.285 0.65262447685102 0.00280915605928823 0.00469081263329221
0.2875 0.659240358052651 -0.00180870065502718 0.000808918821195478
0.29 0.647957576258513 0.00458941504016852 -0.00437910953669406
0.2925 0.642455434953796 0.00677290801585667 0.00037991774031708
0.295 0.635834533360498 -0.00472029888716757 -0.00189563204168264
0.2975 0.63317331460719 -0.000972701446221238 -0.000309785418314555
0.3 0.633005563557725 0.0114181784353915 0.00358887508274486
0.3025 0.627718974420056 0.00583574676833682 -0.000784099989883234
0.305 0.616414129561872 -0.0132424569570976 -0.0033807869402365
0.3075 0.609691231653302 0.000674616921409523 0.00143055407999366
0.31 0.610363614555251 0.0173859337715412 -0.00234242622578828
0.3125 0.616910460603581 -0.000352741739020398 -0.00396482518277251
0.315 0.604628243991136 -0.0115546664911723 0.00347335406253974
0.3175 0.597206531639482 0.00747424931162671 0.0143420536959184
0.32 0.593092254480315 0.00178057717340389 -0.0180480711334445
0.3225 0.596750454726888 -0.00400875834512184 -0.00143416016507762
0.325000000000001 0.603822624896359 0.00731188865151463 0.0124772028377821
0.327500000000001 0.608065236110812 -0.00617288245325785 -0.00343912545596288
0.33 0.591501908911751 0.00332134142946648 -0.0137635103358944
0.3325 0.592887278510463 0.00523135119052179 0.0154524968709262
0.335 0.586990986726718 -0.00441436837168807 0.000255647513082735
0.3375 0.576760809381253 0.00169050999404445 -0.0105392188719459
0.34 0.575490600316596 0.015026486081324 0.00213031626294048
0.3425 0.566334316901073 -0.0120290689245151 0.0103656352080328
0.345 0.561948462198653 -0.0081617948549465 -0.00702077526079681
0.3475 0.569406583616277 0.0142558096735621 -0.00857265889332314
0.35 0.561830356355585 0.00585369674191875 0.0090430016728412
0.3525 0.561156774770176 -0.013041467019577 0.00508868974268552
0.355 0.5625867376467 0.00551960232308126 -0.00677196523965281
0.3575 0.570825217015044 0.010607864528655 0.00286813319068739
0.36 0.560656699902853 -0.00806240360627816 -0.0050116182926103
0.3625 0.571766997686517 0.00162250821788613 0.0025069243987813
0.365 0.576541613380891 0.00451854104307615 -0.000800592732066249
0.3675 0.563573929933962 0.00773347929616808 0.000183112613920712
0.37 0.564722553004292 -0.0123295106056566 0.00540432462107886
0.3725 0.565364140953342 -0.00172394123912106 -0.00447144108951307
0.375 0.566119124235335 0.0179019124690487 0.00228923864182166
0.3775 0.550781549450124 -0.00933977462314527 -0.012928657101156
0.38 0.549202747174709 -0.00788543090767618 0.00930389522772586
0.3825 0.554286072771301 0.00953479065662421 0.0112831237574585
0.385 0.53628577181286 0.00162021645170527 -0.0177688168609548
0.3875 0.535270459432997 7.83050612839001e-05 -0.0041062548027779
0.39 0.5389808197337 0.00358959301262298 0.010895149340886
0.3925 0.524486457880048 -0.00179558320935649 -0.00537893853948585
0.395 0.513820054280763 -0.0057519576189091 0.00668520956078012
0.3975 0.50940882062251 0.00479036183856886 -0.00585756428931663
0.4 0.516170979803904 0.00446567844794309 -0.00366133044524017
0.4025 0.51042472565443 -0.00341484231388215 0.0018207828185978
0.405000000000001 0.511926547135497 0.00752173746765157 0.0165958271887336
0.407500000000001 0.501200851064269 0.00190644446170746 -0.00831171796301548
0.410000000000001 0.494541082227853 -0.00306173493734327 -0.0136083332350936
0.4125 0.494456365179233 0.0040126969064697 0.0102177324586581
0.415 0.495935177545014 -0.0101458764948197 0.00528507793159842
0.4175 0.491837478677604 0.00254394952452725 -0.00583655534434948
0.42 0.481372386308789 0.0140399597296115 0.000865928185479848
0.4225 0.462965967163412 -0.0123044834787431 0.00080027758932308
0.425 0.458156072439124 -0.00584300078472172 -0.000320830823302851
0.4275 0.457396629033614 0.0249964199744648 -0.00117939922435707
0.43 0.452630440253166 -0.0157765253510593 -0.00442226101734033
0.4325 0.447047705395651 -0.0141767995325883 0.00932398874420289
0.435 0.434217220485903 0.0198304169410228 0.000463302212555815
0.4375 0.408001699621271 0.00139994586590403 -0.0130774329142812
0.44 0.399584052948127 -0.0170510591922456 -0.000546211955224609
0.4425 0.398716962228147 0.0091583456063917 0.0122204128759535
0.445 0.388110043822958 -0.00210178257112657 -0.00608984273719699
0.4475 0.373726772772318 -0.00480676118743895 0.00406084500452143
0.45 0.358327343188323 0.00151254058682619 -0.00172000839635775
0.4525 0.339092134892312 0.00105925445108912 -0.00467408201213133
0.455 0.328501900695406 0.00428206642675612 0.00177719047744815
0.4575 0.310791587613607 -0.00895552900119332 -0.00374879910249195
0.46 0.303142867736658 -0.00156995330002818 0.00636163005093102
0.4625 0.289072144784446 0.00432584881321042 -0.00040242384353832
0.465 0.277067663935408 0.0020948062465843 -0.00414469181900426
0.4675 0.265215321452871 -0.00145684137297609 -0.00103657259637889
0.47 0.260505155294203 0.00378092875717519 0.0032583597671701
0.4725 0.248617317396246 -0.00464418575585249 0.0037495076455353
0.475 0.235306268131135 0.0011914424710275 -0.00353643358339513
0.4775 0.229378421259769 0.0118544773347361 -0.00700148294963357
0.48 0.220928398368009 -0.0106545394061319 0.00451865690066668
0.4825 0.197108039674589 -0.00546808743408498 0.00132114523856458
0.485000000000001 0.186868637285996 0.00868759462688926 -0.000685723240462091
0.487500000000001 0.173687173339462 -0.00548672548200204 -0.0066957088948658
0.490000000000001 0.158534873137259 -0.00291140606357947 0.00572505820733602
0.492500000000001 0.160126437291745 0.00868540136154216 0.00133733297651584
0.495000000000001 0.144946018106118 -0.00740856921739707 -0.0105410080706933
0.497500000000001 0.129070914802391 0.000123919519794072 0.0124036984612807
0.500000000000001 0.11928931709909 -5.54434904817423e-05 -0.00243095861949545
0.502500000000001 0.112425474293693 -0.00441154937358757 -0.0105778239770153
0.505 0.111912488240216 0.000833270104497218 0.00597207195669815
0.5075 0.104346141179667 0.00122906585381689 0.00485917138518188
0.51 0.100275102486107 -0.00765206349435236 -0.00838996437950846
0.5125 0.0949011536579036 0.00852775073749792 0.00501075587336151
0.515 0.0850535674923268 -0.00466470365162239 -0.00109035596593319
0.5175 0.0825322715864877 0.00928777988610881 -0.00581685944680429
0.52 0.0874157885182522 0.00138730821685432 0.00478945958560949
0.5225 0.0689644790232058 -0.00825657222182159 0.00031317088713172
0.525 0.067746485020921 0.00977341015099476 -0.00077259768201976
0.5275 0.0590569115654912 -0.00308393500403452 0.00189446753798298
0.53 0.0517298807213271 -0.00999313826740453 -0.00217704604326922
0.5325 0.0560164514937378 0.00782282999691204 -0.000562944307056558
0.535 0.0558422806081751 0.00272662893987144 -0.00435063214032599
0.5375 0.048294152073264 -0.00224827816326209 0.00477477807895024
0.54 0.0450235991314051 -0.00464436313883284 0.00320459736068506
0.5425 0.0419380797063379 0.00498969983340365 -0.00747964427064089
0.545 0.0480965775242042 -0.00189892616168636 -0.00420533726094395
0.5475 0.0522277676938323 0.00131104114221434 0.00651750580568526
0.55 0.0502236270341449 -0.006685883942596 0.000466086809839173
0.5525 0.0520329478314722 -0.0014252542381852 0.00173248073208433
0.555 0.0461566364177645 0.00721498966456273 -0.00495943891893394
0.5575 0.0495086851553095 -0.00323546344801249 -0.00180047446437396
0.56 0.0506522232610547 0.00126253150419436 0.00131719728964735
0.562500000000001 0.0558927962721047 0.001717744004959 0.00142481067631822
0.565000000000001 0.0581768485164047 -0.00370809022733778 -0.00242125225087139
0.567500000000001 0.0565091223064694 0.00060506226183181 0.000181868362626004
0.570000000000001 0.0650054072979153 0.00152675970957377 0.0112692020421913
0.572500000000001 0.0557242499534645 -0.00531657573444562 -0.00659637545199617
0.575000000000001 0.0598253388336706 0.0113924864211142 -0.00492469882986006
0.577500000000001 0.0583722047531739 -0.0042575257665398 0.00586822146223572
0.580000000000001 0.063739918380874 -0.00680279918527265 0.00296640391624525
0.582500000000001 0.0524525457579792 0.0101636920475945 0.00147625722594433
0.585 0.0435230541522182 -0.00592590588156991 -0.0115462553176953
0.5875 0.0527908635215254 -0.000167962762947226 0.0119189966503811
0.59 0.0566162120402274 0.00203223395982965 0.00817518054498212
0.5925 0.0492959708437903 -0.00207665305004434 -0.0191352479837562
0.595 0.0567988201782509 0.00770194501797038 0.0076458419941057
0.5975 0.0515460152191866 -0.00209093452243487 0.005578908007223
0.6 0.0461903488822912 -0.0093816885951706 -0.00409976812273148
0.6025 0.043894588159789 0.00223296411873394 0.00202729177446454
0.605 0.0453109391149844 0.00389592816692785 0.00105416999274304
0.6075 0.0418764282171931 0.00239013252380265 -0.00178314777981859
0.61 0.0332355568499089 0.00499558671534882 -0.00259050021919631
0.6125 0.0229924859739614 -0.00829897466495179 0.00637433868411547
0.615 0.0211394332360726 -0.00305636572439024 -0.00337610465352779
0.6175 0.0257214582958436 0.00747028280890074 0.000613901144836175
0.62 0.0263583781700325 0.00148730193611532 -0.00142235809201869
0.6225 0.0210471729298073 -0.00706207201451101 0.00195852208341791
0.625 0.0217296501481392 0.00486726566632819 -0.0017871990863889
0.6275 0.0183919740818198 0.000989092195127904 -0.000824763526191018
0.63 0.0175370848969996 -0.0026019863278142 0.00774866949842908
0.6325 0.0087478572146304 0.00186009285190528 -0.00274371122007622
0.635 0.00897111946438607 0.00254441855278837 -0.0101078974663388
0.637500000000001 0.0111403228394495 -0.00581505022500699 0.0134722636900178
0.64 0.00231642884162733 -0.00195355682189983 0.00193133258846961
0.642500000000001 -0.00576494162364799 0.00874982298460343 -0.0104848700304322
0.645000000000001 -0.00731494825056159 0.00144207598044314 -0.0016631472609769
0.647500000000001 -0.00683392674505287 -0.00770105238468766 0.00605185849452959
0.650000000000001 -0.0163258101076899 -0.00163374650551566 0.00451838914442063
0.652500000000001 -0.0175804663399614 0.00534889531341529 -0.00755941539273318
0.655000000000001 -0.0221637415605678 0.00268275143061856 -0.00634272059673352
0.657500000000001 -0.0149337028940973 -0.00535165201374445 0.00325797371288298
0.66 -0.0149030071991778 0.00743027187514322 0.0097819260902252
0.6625 -0.0231094536154881 -0.00779017934020833 -0.0104080065242041
0.665 -0.020057178341622 -0.00272374137384113 -0.00332361459469936
0.6675 -0.0213145257738306 0.00952288028905245 0.00670712918852459
0.67 -0.0328874017545384 -0.00453839266287615 -0.00206161858279282
0.6725 -0.0359976674134438 -0.00225959103672511 0.000580307810566965
0.675 -0.0338925985987983 0.00313990395946418 0.00110445815499801
0.677500000000001 -0.0410808884083577 0.00437353499313083 -0.00166007914934712
0.68 -0.0528361658377841 -0.00473129215398445 0.000423242906921194
0.682500000000001 -0.0604893700407782 -0.00485951656703336 -0.0013935253863927
0.685 -0.0531434448115931 0.00487300954925719 0.00149926636928965
0.6875 -0.0564720389085855 0.00102608474196057 0.00185122128665838
0.69 -0.0596404951533867 -0.00442747756638384 -0.00545646301970803
0.6925 -0.0590749646240917 0.000608399995339748 0.00264113792803617
0.695 -0.0586450655435007 0.00126179666144206 0.000318196933269454
0.6975 -0.0639461349369264 -0.00634817664562381 -0.00431705218261828
0.7 -0.0553606640351136 0.010054266523634 -0.00226884779158851
0.7025 -0.0623775023861489 0.00769986774091658 0.0033770762512009
0.705 -0.0660260501620811 -0.022463096129908 -0.000439392001227174
0.7075 -0.0595130881730679 0.00657568335428268 0.00436613304102119
0.71 -0.0628989168223999 0.01281583436721 -0.000479864121549526
0.7125 -0.0706689406893856 -0.0143687136552363 -0.00430572298850268
0.715 -0.0713183260203288 0.000214602772641583 0.00541540722153334
0.7175 -0.0727852848223022 0.00676853026698422 9.56614349915719e-05
0.72 -0.0729696411507891 -0.00751524557402294 -0.00782361757833061
0.722500000000001 -0.0729869930891742 0.00505965852662784 0.00738267271732839
0.725 -0.0802903781847129 -0.000479921859251479 -0.00434864887492875
0.727500000000001 -0.0844761115283112 -8.76968126398655e-05 -0.00306526260051079
0.73 -0.0826175079991206 0.00667067140817767 0.0031375040712927
0.7325 -0.085112339953772 -0.00706234732791195 -0.00144509298055866
0.735 -0.0821583013341176 0.00356451749221028 0.00110262892068776
0.7375 -0.0829670139052267 0.0028967613926096 0.0051514269007604
0.74 -0.0858535907905003 -0.010997135941598 -0.0057448358440083
0.7425 -0.0765845037276429 0.00412031323305576 0.000508861857812059
0.745 -0.0727775655043774 0.0119401176573722 0.00577054981093527
0.7475 -0.0832766784886021 -0.00597973404292768 -0.00847807843695055
0.75 -0.0876729601404858 -0.00530628576644944 0.00183555691017014
0.7525 -0.0761587783398581 0.00383244602669126 0.0109276211276319
0.755 -0.0773921287523448 -0.00272071815569393 -0.00865254657648223
0.7575 -0.0742433345775638 0.00297872570716042 -0.00157208875232495
0.76 -0.0723033305525699 0.00171597005416655 0.00978105995356343
0.7625 -0.0760322396009441 -0.00849671504739949 -0.0074850026581379
0.765 -0.0712411062564339 0.00239709475715725 -0.0015376348016562
0.7675 -0.0719803460258828 0.00519474430550472 0.00283289465461511
0.77 -0.0726647070252722 -0.00476296763667653 -0.00548676817371204
0.7725 -0.0678092732434691 0.00274728913951793 0.00381990610642923
0.775 -0.0710764845727686 0.000582174045020806 0.000335229686749148
0.7775 -0.0721505124014081 -0.00324153776311848 -0.000625654052967045
0.78 -0.0692201637232844 -3.04766314193213e-05 0.00147138895073976
0.7825 -0.0688572374421022 0.000832244338514208 -0.0027603086131887
0.785 -0.0613978682938426 0.00187684940861361 0.00142397130554155
0.7875 -0.0650832120208403 -0.00169815353348094 0.00250930816526794
0.79 -0.070794910861814 -5.7759749761087e-05 -0.00217034194500102
0.7925 -0.0666664368617765 -0.00505744880746357 -0.00817287799993741
0.795 -0.056564486949841 0.00110764700006182 0.00908630514962317
0.797500000000001 -0.0596014173551983 0.00163333816996106 -0.000146726504704894
0.8 -0.0660393086411697 0.000871198844638684 -0.00949844653051859
0.8025 -0.0618704384541809 0.00399106754906485 0.00821679731058927
0.805000000000001 -0.0639099277387781 -0.00265293192936699 -0.00214466986149606
0.8075 -0.0639954880009086 -0.00778453343179669 -0.00351390686876524
0.810000000000001 -0.0610120550791756 0.00824519156272287 0.00751969766510463
0.8125 -0.0608105500558262 0.00285023937206442 -0.00586580168492172
0.815000000000001 -0.0636852546928164 -0.00620666149541742 -0.00185009397521857
0.8175 -0.0604379995594465 0.00378945542628277 0.00768549024887307
0.820000000000001 -0.062248494334564 -0.00332905107985816 7.60637941806487e-06
0.8225 -0.059346439145021 -0.000119705881976722 -0.0102262854152509
0.825 -0.051766231319054 0.00937697689092658 0.00725143252160886
0.8275 -0.0575412905407849 -0.00882018470413047 0.00670025312078025
0.830000000000001 -0.0588880749263511 -0.00659482890704774 -0.0065361753988006
0.8325 -0.0557778985521206 0.0118067872725573 0.00118140596946635
0.835000000000001 -0.0561193477814113 -0.00167118783866831 0.000629807535335768
0.8375 -0.0661184417462791 -0.00923526375294065 -0.00144102348595468
0.840000000000001 -0.062705921705957 0.00744177387199868 0.00208894652503879
0.842500000000001 -0.0617918736174258 0.00313042722093151 -0.00102147249343669
0.845 -0.0614901911840144 -0.00687558125877989 -0.0035733572863844
0.8475 -0.0574788392302261 0.00279155712795586 0.00383303057167583
0.85 -0.0591109844018532 0.00406454259935706 0.00184345004169004
0.8525 -0.0616284536154478 -0.00361723242208498 -0.00653597886008409
0.855 -0.0561234484989945 0.00204595392305986 -4.81337824526349e-05
0.8575 -0.0547806565430694 -0.00104849734832773 0.00540939788890055
0.86 -0.0581916351947364 -0.00291444064390013 -0.00165106380434507
0.8625 -0.0541886150687364 0.00458431631976956 -0.0014024904680065
0.865 -0.0486356607080115 -0.00256594249374694 0.0011254292570949
0.8675 -0.044040390512076 -0.00394151040804986 0.000772393261105627
0.87 -0.041857594737114 0.00668246189223253 -9.11174975210567e-05
0.8725 -0.0447557861033272 -0.000422184738646194 -0.000593936453874975
0.875 -0.0466710981934103 -0.00865030279025792 0.00292092325890561
0.877500000000001 -0.0453320587495541 0.00531367531202783 0.00070295770815147
0.88 -0.0460317743135256 0.00636726489311304 -0.00924281642389758
0.882500000000001 -0.0436874331844576 -0.00654381331894754 0.00225932310706541
0.885 -0.0329485227285905 -0.00623426828143765 0.00513909206608475
0.887500000000001 -0.0322507801286788 0.0107945890970632 -0.000350775342906931
0.89 -0.0312047275978942 -0.00450310125614906 -0.00731204314129731
0.8925 -0.0222785218857851 -0.00181524024698834 0.00619060314129283
0.895 -0.0198616615306112 0.00189082217287502 0.00458669244595697
0.8975 -0.0243580279694976 -0.00134405775233817 -0.00978248406399058
0.9 -0.0177270391939264 0.00200212309979489 0.00287415310271617
0.9025 -0.0114522566335581 -0.00231110727105315 0.00410423236267745
0.905 -0.00709954461063088 -0.00319423706982674 -0.00503239982639948
0.9075 -0.00352237782036631 0.00550261603468079 0.00637743761694647
0.91 -0.00901375894544657 -0.00161703368397912 -0.00362347455173074
0.912500000000001 -0.00344058706480584 -0.00197319209373525 -0.00506659846504696
0.915 -0.00144253135348522 0.00490272602295982 0.00686680233061162
0.9175 -0.00296822278600682 -0.00634623119076399 -0.00231193959119291
0.92 -0.00276262940303447 0.00600272520122245 0.000649643519816891
0.9225 -0.00585901541852214 -0.00354359199890359 0.000449062879183266
0.925 -0.000636257885516763 -0.000515445249589735 0.0022065813708732
0.9275 -0.00177423119699723 0.00460517484908635 -0.00274495912048953
0.93 -0.00646402141953405 -0.00582203931371866 -0.00690788768403768
0.9325 -0.00311537690390843 0.00234556146784473 0.0061334427342161
0.935 -0.00640751726551993 0.00112911879245424 0.0022871717873104
0.9375 -0.00718211619702976 -0.000947947224256846 -0.00613686878967465
0.94 -0.00242797466073889 -0.00219403227690179 0.00140096853678246
0.9425 -0.00170632787885402 -0.00137997640180613 0.00404872408047644
0.945 -0.00428668196304211 -0.000645136822650933 0.000996328399047883
0.9475 -0.00853033657940121 0.00528395328708344 -0.00126405488079573
0.950000000000001 -0.00566662808835379 0.000479516964601704 -0.00522889744908654
0.9525 -0.00268443017750399 -0.00218740729796358 0.00453446289445307
0.955000000000001 -0.00148108620565297 0.000823250487598482 0.00353770398088979
0.957500000000001 -0.00282592084067358 -0.00258389935350138 -0.00389486724066238
0.960000000000001 0.00271900912077257 -0.000908008784230727 0.00143489717127306
0.9625 0.00463338136248795 0.00614709270603473 -0.00179040900509439
0.965000000000001 0.0023705662409737 -0.00453114984239821 -0.00403732696294395
0.9675 0.00275659805677095 -0.00285705702868165 0.0076461673228253
0.970000000000001 0.0037317174653936 0.00299254321632076 0.00147145502318678
0.9725 0.00180407920760813 -0.00216013089617652 -0.00810887374470302
0.975000000000001 0.00432626205383029 0.00318709249119556 -0.00127215538959366
0.9775 0.00839143028183446 0.000592552867364212 0.00534733705933119
0.980000000000001 0.00433873853101707 -0.00286830346529605 -0.00357799877058235
0.9825 0.00799680788304635 -0.00405435932037805 -0.00157820314628292
0.985 0.0116361610062609 0.00668771155050851 0.00533842643073373
0.9875 0.00765936545105541 -0.000551654509033181 -0.00367766329390424
0.99 0.00331277723692241 -0.00558975456422686 -0.00320620396080517
0.9925 0.0125914445741941 0.00312950679324144 0.00619533546986417
0.995000000000001 0.0122291210752859 0.00167573738694294 -0.00692363162886731
0.9975 0.0148234678865064 -0.000439415450315481 0.000976816830319019
1 0.0148929941682397 0.000576843477447505 0.00713554817023686
1.0025 0.00940774348808831 -0.00609360108772502 -0.0037936420578679
1.005 0.0132311398114517 -0.000879903575011565 -0.00218566545456788
1.0075 0.0197008396071274 0.00410145133945838 0.00358596366170659
1.01 0.022293612243069 0.00108729168262957 -0.00421733382632994
1.0125 0.0196854077402678 -0.00326611229732762 0.00305305725234091
1.015 0.0154816670006567 0.00335937782799213 0.00340725207580903
1.0175 0.00976468942404624 -0.000290374020526187 -0.00468822093279457
1.02 0.0107169628453853 -0.00162848985470977 -0.00279573317601243
1.0225 0.0210279839512227 -0.00176828852971281 0.00209674606079909
1.025 0.0236719826323867 0.00359470732446254 0.00061466701609466
1.0275 0.0203200919895973 -0.000497398400770147 -0.000649909636518873
1.03 0.0110984727378442 0.000422421251685674 0.00155998665544538
1.0325 0.0112184350993859 -0.00105411209525638 -0.00250579666039426
1.035 0.0169080490160647 0.000833710822035691 0.000254157866700286
1.0375 0.0198356978995991 0.00129752334665363 0.00354005249327451
1.04 0.0137375332135888 0.00104665297222722 -0.00522973175818077
1.0425 0.0174237185372423 -0.0068870867842974 0.00373569349568145
1.045 0.0217791412304234 0.00328964901599589 0.00300479951866489
1.0475 0.015745093078939 0.00159222443727891 -0.00573380939382816
1.05 0.0162666740370902 -0.00338410917956861 0.000589059410440932
1.0525 0.0167589983938001 0.0019681803084957 0.000897599400738527
1.055 0.0206336501022004 -0.000843842121469392 0.000100103729594303
1.0575 0.0185797306200734 0.00182032010100376 0.00031205866112823
1.06 0.0134427843412913 0.00264746106571221 -0.0007460378398098
1.0625 0.0113227518146861 -0.00513743010987548 -0.00344860293655765
1.065 0.0129092773184037 -0.000347116885384402 0.00363187530515259
1.0675 0.0158048976935798 0.00229869887605494 -0.000166608046444156
1.07 0.0119631182309017 8.61252855664292e-05 -0.00499212764225527
1.0725 0.0124112802723274 0.00119529056768875 0.00108998465407978
1.075 0.0135180814692984 -0.00312064953877184 0.00169760164700896
1.0775 0.0167229960869973 4.08921956032765e-05 -0.000839002038987877
1.08 0.0176670328592005 0.00227662678042766 -0.00194541127531286
1.0825 0.0176148786456602 -0.00526907980929316 0.00200180826265198
1.085 0.0169805194959216 5.61565092885634e-05 -0.00156112487051582
1.0875 0.0165061910904314 0.00744947420672949 0.00169513440227358
1.09 0.00969196530718289 -0.0078437688344088 -0.00419885360171241
1.0925 0.0140783624912115 0.00064598508791212 0.00420722714498192
1.095 0.0103422605235476 0.00629613143436293 0.00216581707662113
1.0975 0.00289659347818401 -0.00464933056270218 -0.00657076704963643
1.1 0.00663838103287129 -0.000564770725613688 0.00257592430122901
1.1025 0.00604102895897875 0.000107069651651673 -0.0003968344834483
1.105 0.00564465365437591 -0.00108619801151823 0.00290005324016306
1.1075 0.0060078896966785 0.00485463792412827 -0.00221052947690414
1.11 -0.0010643106575479 0.000791477435325 -0.00348315193457673
1.1125 0.000402166078990688 -0.00406726890330039 0.00257842070397719
1.115 0.00330463631915217 -0.00503480829571624 0.00533422467979062
1.1175 0.00337070090131258 0.00675606349625052 -0.00325322508848824
1.12 -0.00181182721058075 -0.00164126119003502 -0.0043771654215168
1.1225 -0.00174732761948311 -0.00150355598190219 0.00491818162725711
1.125 -0.0016171302453223 -0.00169879514377725 0.00123156799674699
1.1275 -0.00168930566658636 0.000420894606389899 -0.00537351810515793
1.13 0.000664055195941606 0.00320975389753066 0.00446626548512568
1.1325 -0.00860035587877832 -0.00188449707987816 -0.00151162445218402
1.135 -0.016068559138094 -0.00259091167954445 -0.00426590781990889
1.1375 -0.014777382001893 0.000873204490999086 0.00292243083277863
1.14 -0.0128252439434361 0.000118659649028205 -0.000418197615265771
1.1425 -0.00856735446998872 -0.000435904156907473 -0.00124111647492716
1.145 -0.00608857435616281 -0.000109625076465752 0.000698235860004989
1.1475 -0.00271647675622316 0.00118872261749439 0.000275606791972618
1.15 -0.00104016998006533 0.00277419076942293 -0.00255162684005352
1.1525 -0.00333319406784375 -0.000732551238499718 -0.000870472573189472
1.155 -0.0071055700290005 -0.00786265592078739 -0.000680863799649666
1.1575 -0.00187106709062526 0.00231805744680826 0.00461634932290655
1.16 -0.00683887878571151 0.000130752526107185 0.00127893788242538
1.1625 -0.0048268246298834 -0.0013736423210536 -0.00882814257322241
1.165 -0.0037158218874964 0.0030151953546401 0.00706755151645478
1.1675 -0.0122031369261093 -0.00421722266429236 -0.00314501880990214
1.17 -0.00792687626481307 0.00160451500095462 -0.00295639938599964
1.1725 -0.00381076261443204 0.00291723556365068 0.0039452719555665
1.175 -0.00882447122170099 -0.00472673635115583 -0.00165523785735795
1.1775 -0.0114179675421521 0.00220558975742922 -0.00129497075697835
1.18 -0.00925610827408627 -3.70244375701481e-05 0.00163949937604142
1.1825 -0.0087742184904967 0.000343322015241069 0.000743390098193944
1.185 -0.00740890187278902 -0.00167452859338781 -0.00166809816635737
1.1875 -0.00413394679611238 -0.000439504452610411 0.000678873963113261
1.19 -0.00169610781414866 0.0027249787471626 0.00227901076614818
1.1925 -0.00412511602796483 0.00272028079036391 -1.40436650022195e-05
1.195 -0.00425152942765965 -0.00614501343327698 -0.00133083586336119
1.1975 -0.00957528978893146 0.00212183117846662 0.000412161259973306
1.2 -0.0141334331809923 0.00150291792903175 0.00163547712048178
1.2025 -0.0174488535720933 0.000926447082144051 -0.00011924810927415
1.205 -0.0184412409234854 -0.00415822900460527 -0.00206068086219845
1.2075 -0.0161302738102351 0.00209515916109836 0.0039027163150429
1.21 -0.0177614923801219 -0.00100245036410404 0.000459262303152373
1.2125 -0.0185207439547688 0.000516781702666283 -0.0040569966789388
1.215 -0.0183941817650701 0.00458458139285708 -0.000274984213001959
1.2175 -0.0252667166411687 -0.00692329396882286 0.00433398277524945
1.22 -0.0206359781782153 -0.00221683690408251 0.000161799208844967
1.2225 -0.0106448250486026 0.00628367677144559 -0.001576687900052
1.225 -0.0125900756564079 0.00147285580545375 -0.00209022970826025
1.2275 -0.0157578022691459 -0.00314795180810194 0.00193448211731385
1.23 -0.0161540676865814 0.000573875894823728 0.000638195888322451
1.2325 -0.017626402145234 -0.00166840525186574 -0.00136746401619692
1.235 -0.0214385878739411 0.00117805285176336 0.00125070212168993
1.2375 -0.0217787779896723 -0.000815398646578638 0.00129825503214825
1.24 -0.0195353893809705 -0.00109743196345378 -0.000560459825582897
1.2425 -0.023222025152981 0.00067329491485218 -0.00375458457426704
1.245 -0.0268486462965732 0.00343020286754973 0.00327573133375639
1.2475 -0.0271431643232885 -0.00710319813103936 -0.00117842445417749
1.25 -0.0308533159500388 -0.000495966714769046 0.00220000101281481
